%YAML:1.0
---
randomJointValues: !!opencv-matrix
   rows: 1000
   cols: 2
   dt: d
   data: [ -94., 88., 166., -34., 131., -67., 131., -58., 133., 180., 4.,
       -147., -25., 173., 20., -23., -162., 52., -9., 175., 98., -156.,
       49., -138., -169., -92., -156., 161., 31., -81., 114., 119.,
       -162., 129., -114., 165., -171., 165., 166., 44., 6., 39., -117.,
       -59., 177., -27., -27., -114., -13., 124., -118., -99., 62., 124.,
       -157., 67., 121., 156., -96., -148., -132., 135., -116., 162.,
       104., -116., 97., -71., 113., -160., -32., -66., -103., -129.,
       22., 139., -29., 57., -6., -53., 139., 162., -24., 85., -81., 27.,
       -159., 104., -19., -84., 153., -16., -142., -130., -100., -45.,
       67., 94., 73., -8., 111., -114., 133., -121., -101., -108., -56.,
       177., -51., 40., -130., -159., -52., 177., 145., -152., -20.,
       -156., 108., 171., -1., 140., 55., -24., -91., 17., 121., 62.,
       -153., 167., -151., 41., 143., -99., -164., 65., 16., 101., 109.,
       -62., 122., 167., 91., -9., -112., 76., 38., 27., -24., -172.,
       -24., 116., 76., 108., -22., -155., -133., -132., 177., -173.,
       37., -21., -137., 10., 93., 153., 56., -83., -121., -92., 83.,
       -61., -110., 44., -41., 146., -22., 163., 94., -47., 14., -30.,
       124., 41., -7., -68., -6., 9., 155., 114., -107., -155., -153.,
       158., 30., 81., -154., 5., -57., 179., -113., 67., -174., 152.,
       -129., 128., 42., 168., -95., 122., -152., 177., 35., 94., 79.,
       -111., -141., -10., 86., -107., 120., 4., -73., 54., -98., 13.,
       -120., -102., -35., 111., 61., 168., -105., 9., 121., -172., -56.,
       103., 112., -69., 40., -130., -13., -47., 69., -111., -99., 129.,
       143., 38., -32., -173., 167., 117., 60., 75., 102., -141., -31.,
       42., 127., 114., -20., -36., -105., 13., -117., -128., -55.,
       -170., -48., 138., 46., 151., -49., 100., -179., 71., 164., 130.,
       96., -45., -156., -152., 16., 170., -147., -115., -161., 87.,
       -35., 28., 139., 168., -89., 68., 150., -97., 41., -164., -54.,
       -101., 114., 8., 97., -158., 62., -158., 33., -165., 134., -33.,
       -53., -59., 166., 72., -86., 12., 7., 91., 153., 52., -91., -6.,
       -75., 34., -56., -7., -127., -21., -90., 96., -156., 3., 172.,
       -87., 169., -62., 170., -21., -127., -148., -24., 103., -166.,
       54., 51., 59., -93., 20., 158., 114., 51., 77., 147., -112.,
       -139., -94., 48., -115., 96., -2., -67., 131., -101., -172.,
       -123., -63., -67., 84., 113., -15., 119., 128., 142., -24., -38.,
       -95., -31., 24., -15., 46., 137., -95., 13., 71., 127., 30., 84.,
       133., 43., 85., 130., 109., -127., 83., -139., 67., -23., -129.,
       9., 170., -171., -70., -32., -2., -158., -149., 125., 38., 144.,
       68., -65., -158., -80., -52., 60., 138., -61., 55., 16., 166.,
       67., 164., -124., 13., 122., 179., 34., -143., 67., -26., -163.,
       -171., -97., -30., 16., 61., -39., 149., -121., -98., 157., 132.,
       139., -173., 80., 91., 38., -104., -109., -123., -65., -79., -13.,
       80., 11., 82., -98., 33., 112., -33., 80., -119., 2., 139., 47.,
       32., -88., 9., 103., 17., 169., 7., -125., -161., 25., 51., 123.,
       -146., 171., -132., 93., -96., -81., 61., 77., 76., 141., 114.,
       -12., 151., -17., -99., -43., 155., -18., -54., 113., -34., 49.,
       14., -47., -155., -149., -90., -25., 5., -79., 151., 117., -10.,
       125., 109., 4., 9., 140., 135., -29., -11., 32., -50., -72., 124.,
       60., 11., 8., 90., 145., -151., 148., -13., 39., 53., -163., -16.,
       -114., 59., -111., 28., -9., 41., -41., -107., -77., -176., -154.,
       144., 15., -96., -23., 74., -134., 116., -51., 144., -76., -25.,
       -68., -132., 27., 166., 108., -142., 121., 171., -6., 146., -9.,
       -54., -11., 5., 169., 19., 54., -73., 82., -53., 127., -156., 91.,
       21., 160., 146., -5., -154., 129., -79., 142., -90., 140., -49.,
       -156., 68., 72., 165., 100., 133., 15., 46., -66., -165., 129.,
       18., 26., -70., 64., -24., 27., 91., 156., 19., -72., -137., -67.,
       -88., 31., 154., -125., -180., -59., 78., -8., -105., -52., 140.,
       72., 69., 60., 8., -103., 100., -59., 157., 80., 37., 137., -51.,
       -139., 100., -16., -59., 167., 164., 50., 4., -102., -80., -169.,
       105., -8., -146., 86., 38., -6., 113., -49., 173., -82., 48.,
       131., 108., 57., -177., 107., 111., 125., -90., 13., -153., 102.,
       -121., -157., -93., -117., 37., 90., 45., -154., 72., -76., 171.,
       33., -46., -166., -131., -23., 14., 61., -139., -177., 98., 111.,
       62., 148., -168., 4., -23., -36., -87., 163., -3., 172., 15., 76.,
       -151., 46., -141., -76., -178., -180., 170., 132., -169., -119.,
       19., -17., -152., -70., 44., -56., -63., 115., 28., -35., -67.,
       127., 54., 28., -38., 85., -177., 158., -177., -57., -143., 62.,
       36., -40., 159., 53., -157., -73., 105., -36., 14., -131., 35.,
       -90., 127., -59., -142., -18., 156., -179., -91., 26., 111., 37.,
       -56., -67., -154., 48., 73., -96., -178., -54., 93., 142., -102.,
       43., -29., -72., -52., 151., 147., -144., 133., 98., 128., 47.,
       -33., 38., -34., -13., 130., -27., -22., 60., 64., -152., -150.,
       -98., 75., 1., -158., -16., -57., 178., -21., -148., -116., -101.,
       66., 134., -116., 81., 51., -154., -101., 41., -32., 72., 12.,
       53., 33., -175., 113., -136., -133., 20., 132., 16., -37., 133.,
       11., 37., 171., 151., 155., 71., -123., -138., -90., -20., 48.,
       -74., 119., -23., 110., 62., 36., -82., -36., -64., 7., -163.,
       -19., 125., -4., -151., 12., 12., -110., 78., -87., -4., -1.,
       -149., -132., -72., 42., -54., 127., -116., -89., -96., 45.,
       -101., 94., 123., 29., 164., -147., 153., -157., -25., -34.,
       -170., -114., -137., -24., 47., 122., -4., 174., 39., -66., -17.,
       166., -154., -111., -148., 179., 65., -1., 58., -37., 136., 112.,
       53., -33., -18., 23., -32., 90., 3., 22., 174., -176., -162.,
       -12., 89., 151., -66., 97., -20., -72., 5., 101., -16., -21.,
       149., -46., -8., 29., -113., -143., 180., -16., 64., 40., 69.,
       63., -81., 52., -84., -68., 13., 86., -180., -63., 11., -161.,
       -114., -21., -122., -179., 131., -144., 179., -115., 9., 20., 1.,
       20., 58., -131., -6., -95., -141., 155., 17., -133., 163., -86.,
       -46., -148., -155., -23., 28., 2., 7., 88., 72., 47., -132., 22.,
       37., -39., 31., 147., 53., 32., -179., -4., 71., 53., -131., -66.,
       -115., -9., 38., -109., -38., -83., 69., 152., 76., 95., 15.,
       -161., 17., 78., 45., 40., -80., 126., -11., 23., 87., -101.,
       -144., -122., -83., 134., 93., -74., -56., -144., -180., 36.,
       -111., -44., 7., 59., 137., -50., 105., -79., 142., -45., -76.,
       -166., 119., -18., -143., 96., 126., -144., -144., 78., 128.,
       -85., 28., -41., 116., -86., -92., -25., -137., 139., 68., -40.,
       -55., -118., 29., 139., -66., 93., -134., -58., -49., -168., -15.,
       13., -80., 146., 149., 67., 148., -34., -155., -21., 83., -37.,
       169., 2., 22., 135., -73., -57., -174., -41., 34., 46., -114.,
       76., 5., -139., 17., 165., -97., -147., 74., -113., -139., 155.,
       92., 76., -139., -174., 65., -108., 98., -150., -72., -8., 113.,
       -41., -103., 175., -18., -126., -158., 123., 168., -6., -163.,
       -179., 179., 100., 168., -25., 130., -142., 13., 163., -79., 40.,
       148., -76., 173., 132., -88., -12., -17., 80., -150., -43., 27.,
       63., -8., -135., 58., 72., -49., -89., 140., -151., 101., 71.,
       -129., 154., -116., -126., 46., -73., 25., -106., 138., 44.,
       -144., 177., 17., 156., 4., -57., -2., -61., -11., -72., 62.,
       -149., -28., 40., 41., -96., 51., -16., -172., 76., 126., 58.,
       -67., -19., -145., -80., 6., -169., 125., -174., -145., -57., 3.,
       1., 124., -175., -18., 70., -110., 153., -147., 147., -143., 52.,
